point
296
74 74 116
59 74 112
89 74 103
59 74 95
74 74 82
89 74 67
103 74 30
45 74 11
45 74 94
74 74 20
45 74 53
74 74 129
51 74 121
97 74 121
45 74 111
103 74 111
45 74 94
103 74 23
103 74 16
103 74 71
45 74 74
45 74 32
74 74 62
59 74 79
89 74 45
74 59 116
74 89 116
74 59 82
74 45 13
74 103 13
74 89 82
103 74 91
103 74 51
59 59 112
59 59 95
89 59 103
89 59 67
59 89 112
59 89 95
89 89 103
89 89 67
59 74 17
89 74 20
89 89 45
89 59 45
89 49 45
89 99 45
89 74 20
89 59 18
89 49 15
89 89 18
89 99 15
59 49 95
59 99 95
89 50 111
89 98 111
89 74 126
59 74 126
89 59 122
89 89 122
59 59 79
59 89 79
59 89 122
59 59 122
59 50 112
59 98 112
59 99 79
59 49 79
59 49 12
59 99 12
59 89 15
59 59 15
59 99 47
59 99 30
59 99 63
59 49 47
59 49 30
59 49 63
89 49 30
89 99 30
74 59 126
74 89 126
74 59 62
74 89 62
74 103 62
74 45 62
51 74 87
51 74 14
51 55 87
51 93 87
51 93 11
51 55 11
97 74 37
97 74 18
97 91 111
74 45 32
74 45 48
74 103 32
74 103 48
74 59 19
74 89 19
74 45 111
74 103 111
74 45 95
74 45 79
74 103 95
74 103 79
89 49 95
89 49 79
89 49 63
89 99 95
89 99 79
89 99 63
97 57 111
97 55 37
97 55 93
97 55 75
97 55 57
97 93 37
97 93 93
97 93 75
97 93 57
97 93 15
97 55 15
97 55 26
97 93 26
51 57 111
51 91 111
51 55 99
51 93 99
51 93 68
51 93 49
51 93 30
51 55 68
51 55 49
51 55 30
66 46 29
88 82 68
90 82 68
88 82 66
90 82 66
73 74 117
75 74 117
73 74 115
75 74 115
58 74 113
60 74 113
58 74 111
60 74 111
88 74 104
90 74 104
88 74 102
90 74 102
58 74 96
60 74 96
58 74 94
60 74 94
73 74 83
75 74 83
73 74 81
75 74 81
88 74 68
90 74 68
88 74 66
90 74 66
73 82 117
75 82 117
73 82 115
75 82 115
73 59 117
75 59 117
73 59 115
75 59 115
58 59 113
60 59 113
58 59 111
60 59 111
88 59 104
90 59 104
88 59 102
90 59 102
58 59 96
60 59 96
58 59 94
60 59 94
73 59 83
75 59 83
73 59 81
75 59 81
88 59 68
90 59 68
88 59 66
90 59 66
58 82 113
60 82 113
58 82 111
60 82 111
73 89 117
75 89 117
73 89 115
75 89 115
58 89 113
60 89 113
58 89 111
60 89 111
88 89 104
90 89 104
88 89 102
90 89 102
58 89 96
60 89 96
58 89 94
60 89 94
73 89 83
75 89 83
73 89 81
75 89 81
88 89 68
90 89 68
88 89 66
90 89 66
88 82 104
90 82 104
88 82 102
90 82 102
73 67 117
75 67 117
73 67 115
75 67 115
58 67 113
60 67 113
58 67 111
60 67 111
88 67 104
90 67 104
88 67 102
90 67 102
58 67 96
60 67 96
58 67 94
60 67 94
73 67 83
75 67 83
73 67 81
75 67 81
88 67 68
90 67 68
88 67 66
90 67 66
58 82 96
60 82 96
58 82 94
60 82 94
81 46 111
81 102 111
81 74 129
81 74 54
81 74 20
81 45 92
81 45 73
81 103 92
81 103 73
81 45 54
81 103 54
81 45 14
81 45 34
81 103 34
81 103 14
81 60 54
81 88 54
81 60 19
81 88 19
66 74 129
66 74 71
66 74 19
66 46 111
66 102 111
66 46 71
66 46 91
66 102 71
66 102 91
66 60 71
66 88 71
66 60 18
66 88 18
66 102 57
66 102 43
66 102 29
66 46 13
66 102 13
66 46 57
66 46 43
73 82 83
75 82 83
73 82 81
75 82 81
