point
296
74 74 120
59 74 116
89 74 110
59 74 104
74 74 96
89 74 86
103 74 62
45 74 11
45 74 102
74 74 20
45 74 57
74 74 129
51 74 121
97 74 121
45 74 111
103 74 111
45 74 102
103 74 39
103 74 16
103 74 87
45 74 79
45 74 33
74 74 82
59 74 92
89 74 71
74 59 120
74 89 120
74 59 96
74 45 13
74 103 13
74 89 96
103 74 99
103 74 75
59 59 116
59 59 104
89 59 110
89 59 86
59 89 116
59 89 104
89 89 110
89 89 86
59 74 17
89 74 20
89 89 71
89 59 71
89 49 71
89 99 71
89 74 20
89 59 18
89 49 15
89 89 18
89 99 15
59 49 104
59 99 104
89 50 111
89 98 111
89 74 126
59 74 126
89 59 122
89 89 122
59 59 92
59 89 92
59 89 122
59 59 122
59 50 113
59 98 113
59 99 92
59 49 92
59 49 12
59 99 12
59 89 15
59 59 15
59 99 52
59 99 32
59 99 72
59 49 52
59 49 32
59 49 72
89 49 43
89 99 43
74 59 126
74 89 126
74 59 82
74 89 82
74 103 82
74 45 81
51 74 98
51 74 14
51 55 98
51 93 98
51 93 11
51 55 11
97 74 66
97 74 18
97 91 111
74 45 36
74 45 59
74 103 36
74 103 59
74 59 19
74 89 19
74 45 111
74 103 111
74 45 101
74 45 91
74 103 101
74 103 91
89 49 100
89 49 90
89 49 80
89 99 100
89 99 90
89 99 80
97 57 111
97 55 66
97 55 100
97 55 89
97 55 78
97 93 66
97 93 100
97 93 89
97 93 78
97 93 15
97 55 15
97 55 40
97 93 40
51 57 111
51 91 111
51 55 104
51 93 104
51 93 76
51 93 54
51 93 33
51 55 76
51 55 54
51 55 33
66 46 31
88 82 87
90 82 87
88 82 85
90 82 85
73 74 121
75 74 121
73 74 119
75 74 119
58 74 117
60 74 117
58 74 115
60 74 115
88 74 111
90 74 111
88 74 109
90 74 109
58 74 105
60 74 105
58 74 103
60 74 103
73 74 97
75 74 97
73 74 95
75 74 95
88 74 87
90 74 87
88 74 85
90 74 85
73 82 121
75 82 121
73 82 119
75 82 119
73 59 121
75 59 121
73 59 119
75 59 119
58 59 117
60 59 117
58 59 115
60 59 115
88 59 111
90 59 111
88 59 109
90 59 109
58 59 105
60 59 105
58 59 103
60 59 103
73 59 97
75 59 97
73 59 95
75 59 95
88 59 87
90 59 87
88 59 85
90 59 85
58 82 117
60 82 117
58 82 115
60 82 115
73 89 121
75 89 121
73 89 119
75 89 119
58 89 117
60 89 117
58 89 115
60 89 115
88 89 111
90 89 111
88 89 109
90 89 109
58 89 105
60 89 105
58 89 103
60 89 103
73 89 97
75 89 97
73 89 95
75 89 95
88 89 87
90 89 87
88 89 85
90 89 85
88 82 111
90 82 111
88 82 109
90 82 109
73 67 121
75 67 121
73 67 119
75 67 119
58 67 117
60 67 117
58 67 115
60 67 115
88 67 111
90 67 111
88 67 109
90 67 109
58 67 105
60 67 105
58 67 103
60 67 103
73 67 97
75 67 97
73 67 95
75 67 95
88 67 87
90 67 87
88 67 85
90 67 85
58 82 105
60 82 105
58 82 103
60 82 103
81 46 111
81 102 111
81 74 129
81 74 77
81 74 20
81 45 100
81 45 89
81 103 100
81 103 89
81 45 77
81 103 77
81 45 14
81 45 45
81 103 45
81 103 14
81 60 77
81 88 77
81 60 19
81 88 19
66 74 129
66 74 88
66 74 19
66 46 111
66 102 111
66 46 88
66 46 100
66 102 88
66 102 100
66 60 88
66 88 88
66 60 18
66 88 18
66 102 69
66 102 50
66 102 31
66 46 13
66 102 13
66 46 69
66 46 50
73 82 97
75 82 97
73 82 95
75 82 95
